FRAMES = 10
HIGH = 4.89267
LOW = 3.87313
AVG = 4.35586
